-0.383328
-0.383328
-0.334804
-0.334804
-0.0469383
-0.0469383
0.246768
0.246768
0.529578
0.529578
0.772528
0.772528
0.953366
0.953366
1.07548
1.07548
1.15483
1.15483
1.20638
1.20638
1.24014
1.24014
1.26216
1.26216
1.2761
1.2761
1.28425
1.28425
1.28815
1.28815
1.2888
1.2888
1.28693
1.28693
1.28303
1.28303
1.27743
1.27743
1.27037
1.27037
1.26201
1.26201
1.25244
1.25244
1.24172
1.24172
1.22987
1.22987
1.2169
1.2169
1.20281
1.20281
1.1876
1.1876
1.17129
1.17129
1.15395
1.15395
1.13575
1.13575
1.11697
1.11697
1.09811
1.09811
1.07999
1.07999
1.06385
1.06385
1.05163
1.05163
1.04627
1.04627
1.05228
1.05228
1.07626
1.07626
1.12577
1.12577
1.20077
1.20077
1.27855
1.27855
1.33085
1.33085
1.36138
1.36138
1.38748
1.38748
1.41785
1.41785
1.44254
1.44254
1.40169
1.40169
1.19143
1.19143
0.8042
0.8042
0.370525
0.370525
0.010592
0.010592
-0.226409
-0.226409
-0.383293
-0.383293
-0.535581
-0.535581
-0.742713
-0.742713
-1.03203
-1.03203
-1.37196
-1.37196
-1.70807
-1.70807
-2.03421
-2.03421
-2.3825
-2.3825
-2.72875
-2.72875
-2.78065
-2.78065
-2.26981
-2.26981
-1.46036
-1.46036
-1.04884
-1.04884
-0.869434
-0.869434
-0.632553
-0.632553
-0.37465
-0.37465
-0.102807
-0.102807
0.187466
0.187466
